%x = 345.88; y = log10(45.8); and z =sin(3?/4)
%___________
%e^(z^3-y^1.2)
%x^2-(4y+z)^1/2
%x-y/z+5y
%___________
%verilen x,y ve z değerlerini kullanarak işlem yapma
x=345.88
%Çıktı->  x =    345.880000000000e+000

y=log10(45.8)
%Çıktı->  y =    1.66086547800387e+000

z = sin(3*pi/4) 
%Çıktı->  z = 0.7071067811865475
 
exp(1)^(z^3-y^1.2) 
%Çıktı->  ans = 0.2265741624870848
 
x^2-(4*y+z)^1/2 
%Çıktı->  ans =119629.2991156534
 
x-y/z+5*y 
%Çıktı->  ans =351.835508905749