%dizi
%çok boyutlu matrislerde iþlem yapma
%X = [4,5,1;0,2,4;3,4,1]
%Y = [(-7),6,(-1);3,-2,0;13,(-4),1]
%Z = [0,7,1;0,2,-5;3,3,-1]
%_________________
X = [4,5,1;0,2,4;3,4,1]

X =

     4     5     1
     0     2     4
     3     4     1

Y = [(-7),6,(-1);3,-2,0;13,(-4),1]

Y =

    -7     6    -1
     3    -2     0
    13    -4     1

Z = [0,7,1;0,2,-5;3,3,-1]

Z =

     0     7     1
     0     2    -5
     3     3    -1

% Hesaplama
 3*X + 2*Y - Z

ans =

    -2    20     0
     6     0    17
    32     1     6
% Hesaplama
X^2+2*Y
ans =

     5    46    23
    18    16    12
    41    19    
% Hesaplama Transpose iþlemi (X')
X'*Y'

ans =

   -31    12    55
   -27    11    61
    16    -5    -2
%Hesaplama Tersini alýp çarpma
 X*Y^(-1)

ans =

    0.5000   -4.0000    1.5000
   -2.7778  -11.7778    1.2222
    0.2222   -3.7778    1.2222